182.652
-11669.5
-15636.6
-15296.4
-12906.6
-9823.69
-6805.34
-4223.61
-2213.39
-773.069
169.261
713.91
964.565
1014.67
941.212
803.167
642.561
486.927
352.25
245.904
169.282
119.985
93.533
84.6207
87.9773
98.8991
113.528
128.948
143.151
154.932
163.737
169.507
172.521
173.264
172.313
170.255
167.627
164.882
162.364
160.315
158.873
158.088
157.941
158.361
159.242
160.459
161.881
163.382
164.847
166.178
167.298
168.148
168.69
168.904
168.788
168.354
167.627
166.641
165.441
164.074
162.597
161.066
159.539
158.074
156.727
155.549
154.587
153.879
153.455
153.337
153.532
154.039
154.843
155.918
157.225
158.718
160.338
162.024
163.707
165.318
166.789
168.056
169.06
169.755
170.103
170.08
169.679
168.906
167.783
166.347
164.649
162.752
160.728
158.656
156.618
154.697
152.973
151.519
150.397
149.66
149.342
149.464
150.028
151.017
152.399
154.123
156.124
158.326
160.642
162.979
165.242
167.338
169.18
170.687
171.793
172.446
172.612
172.275
171.441
170.135
168.402
166.304
163.918
161.338
158.661
155.996
153.448
151.122
149.114
147.509
146.378
145.773
145.726
146.247
147.323
148.917
150.973
153.414
156.146
159.063
162.049
164.983
167.745
170.221
172.305
173.908
174.957
175.403
175.218
174.402
172.979
171
168.538
165.687
162.559
159.276
155.97
152.776
149.823
147.233
145.113
143.554
142.621
142.358
142.778
143.87
145.592
147.879
150.642
153.775
157.154
160.649
164.123
167.443
170.48
173.119
175.26
176.82
177.74
177.982
177.531
176.396
174.607
172.213
169.281
165.895
162.151
158.161
154.045
149.936
145.98
142.332
139.158
136.635
134.944
134.265
134.77
136.608
139.887
144.651
150.859
158.354
166.837
175.844
184.728
192.664
198.66
201.606
200.353
193.829
181.202
162.081
136.758
106.476
73.6937
42.3229
17.8826
7.50536
19.7154
63.8786
149.215
283.257
469.646
705.19
976.166
1253.95
1490.23
1612.34
1519.6
1082.03
143.747
-1465.92
-3908.96
-7296.51
-11619.4
-16639.3
-21725.4
-25615.1
-26072.3
-19407.9
183.193
